0.0000 0.0000 0.3240 0.2880 100
0.0000 -0.0260 0.3240 0.0260 1
0.0000 0.1180 0.3240 0.1700 1
0.0000 0.2620 0.3240 0.3140 1
0.0170 0.1440 0.0370 0.2880 7
0.0170 0.0000 0.0370 0.1440 7
0.0710 0.1710 0.0910 0.2610 7
0.0710 0.0270 0.0910 0.1170 7
0.1250 0.1710 0.1450 0.2610 7
0.1250 0.0270 0.1450 0.1170 7
0.1790 0.1710 0.1990 0.2610 7
0.1790 0.0270 0.1990 0.1170 7
0.2330 0.1710 0.2530 0.2610 7
0.2330 0.0270 0.2530 0.1170 7
0.2870 0.1440 0.3070 0.2880 7
0.2870 0.0000 0.3070 0.1440 7
0.0420 0.1520 0.0660 0.2390 88
0.0960 0.1440 0.1200 0.2390 88
0.1500 0.1520 0.1740 0.2390 88
0.2040 0.1930 0.2280 0.2800 88
0.2580 0.1520 0.2820 0.2390 88
0.0420 0.0490 0.0660 0.1360 88
0.0960 0.0490 0.1200 0.1440 88
0.1500 0.0490 0.1740 0.1360 88
0.2040 0.0490 0.2280 0.1360 88
0.2580 0.0490 0.2820 0.1360 88
0.0420 0.1930 0.0660 0.2800 11
0.0960 0.1520 0.1200 0.2390 11
0.1500 0.1930 0.1740 0.2800 11
0.2040 0.1520 0.2280 0.2390 11
0.2580 0.1930 0.2820 0.2800 11
0.0420 0.0080 0.0660 0.0950 11
0.0960 0.0080 0.1200 0.0950 11
0.1500 0.0080 0.1740 0.0950 11
0.2040 0.0490 0.2280 0.0950 11
0.2580 0.0490 0.2820 0.1360 11
0.0450 0.2430 0.0630 0.2610 17
0.1530 0.2430 0.1710 0.2610 17
0.2610 0.2430 0.2790 0.2610 17
0.0990 0.0270 0.1170 0.0450 17
0.0450 0.1710 0.0630 0.1890 17
0.1530 0.1710 0.1710 0.1890 17
0.2070 0.1710 0.2250 0.1890 17
0.2610 0.1710 0.2790 0.1890 17
0.2070 0.0990 0.2250 0.1170 17
0.2610 0.0990 0.2790 0.1170 17
0.0720 0.2430 0.0900 0.2610 18
0.0720 0.0270 0.0900 0.0450 18
0.0180 0.1710 0.0360 0.1890 18
0.2340 0.2070 0.2520 0.2250 18
0.2340 0.0990 0.2520 0.1170 18
0.1800 0.0990 0.1980 0.1170 18
0.1260 0.2070 0.1440 0.2250 18
0.1260 0.0630 0.1440 0.0810 18
0.0180 0.2430 0.2790 0.2610 16
0.0720 0.0270 0.1170 0.0450 16
0.0180 0.1710 0.2790 0.1890 16
0.1800 0.2070 0.2790 0.2250 16
0.2070 0.0990 0.2790 0.1170 16
0.0720 0.0990 0.1980 0.1170 16
0.0720 0.2070 0.1440 0.2250 16
0.1260 0.0630 0.2790 0.0810 16
0.0720 0.0220 0.0900 0.2660 19
0.0180 0.1660 0.0360 0.2660 19
0.2340 0.0940 0.2520 0.2300 19
0.1800 0.0940 0.1980 0.2300 19
0.1260 0.0580 0.1440 0.2300 19
0.1800 0.2070 0.1980 0.2250 10
0.2340 0.2070 0.2520 0.2250 10
0.0720 0.0990 0.0900 0.1170 10
0.1260 0.0990 0.1440 0.1170 10
0.1800 0.0990 0.1980 0.1170 10
0.0720 0.2070 0.0900 0.2250 10
0.1260 0.2070 0.1440 0.2250 10
0.2340 0.0630 0.2520 0.0810 10
